0
8
9
16
18
19
20
24
33
49
53
61
63
64
65
66
67
68
73
74
78
84
85
86
97
102
103
111
116
119
121
123
128
129
130
134
136
139
140
145
147
148
150
156
159
162
164
165
168
179
183
189
192
193
196
202
205
220
225
229
230
235
240
252
254
257
259
266
283
285
287
289
290
303
309
311
314
315
318
324
326
331
338
339
340
343
346
352
358
359
364
368
371
373
375
377
378
380
381
382
385
386
389
392
397
398
401
402
406
410
416
417
419
420
421
422
423
426
430
433
434
435
436
439
445
446
450
451
453
456
458
459
460
465
467
468
471
473
479
481
486
488
490
500
501
509
512
513
525
526
528
530
531
537
543
544
545
559
562
567
568
570
571
573
574
580
585
590
592
594
598
600
601
603
604
605
613
619
626
627
631
635
641
646
657
660
674
676
687
690
693
694
698
706
711
714
720
721
722
723
726
728
730
738
739
742
750
755
756
758
759
760
766
768
772
775
799
800
815
816
817
824
827
831
832
833
834
840
841
843
844
851
852
861
862
864
866
868
870
872
873
876
884
885
887
889
890
891
894
895
906
910
919
921
925
932
935
942
945
946
949
950
951
957
959
962
963
967
968
970
971
982
983
986
992
997
1000
1001
1002
1006
1018
1022
1024
1030
1031
1036
1038
1041
1042
1045
1049
1052
1065
1067
1068
1069
1071
1077
1083
1089
1098
1103
1104
1105
1110
1111
1118
1122
1124
1135
1137
1138
1151
1157
1161
1168
1170
1171
1180
1187
1190
1194
1195
1198
1204
1205
1210
1213
1215
1220
1237
1238
1242
1246
1247
1250
1252
1256
1266
1270
1271
1274
1275
1278
1279
1282
1289
1295
1298
1303
1306
1310
1314
1315
1330
1336
1338
1341
1345
1347
1350
1352
1359
1364
1365
1366
1369
1371
1373
1374
1378
1386
1391
1394
1402
1410
1411
1417
1429
1436
1439
1440
1441
1442
1445
1447
1455
1463
1464
1471
1479
1480
1482
1484
1485
1486
1496
1506
1507
1508
1509
1512
1519
1520
1521
1523
1524
1529
1537
1540
1545
1546
1554
1564
1566
1571
1572
1574
1575
1578
1579
1583
1587
1595
1599
1600
1603
1606
1608
1611
1619
1622
1626
1630
1631
1636
1638
1645
1647
1649
1659
1660
1665
1667
1668
1669
1670
1672
1673
1681
1682
1683
1684
1693
1697
1701
1703
1705
1706
1710
1715
1722
1723
1725
1729
1730
1732
1738
1741
1745
1749
1752
1753
1755
1757
1760
1764
1766
1771
1774
1784
1786
1787
1798
1800
1806
1807
1812
1816
1836
1838
1842
1846
1847
1848
1849
1850
1853
1854
1862
1864
1865
1871
1872
1873
1874
1876
1878
1881
1882
1885
1886
1887
1893
1894
1903
1904
1909
1914
1918
1923
1925
1929
1934
1938
1939
1945
1946
1949
1956
1966
1967
1972
1974
1988
1995
1996
1998
1999
2000
2003
2007
2009
2024
2025
2029
2032
2038
2039
2048
2051
2053
2054
2060
2061
2067
2068
2069
2083
2087
2091
2092
2098
2103
2105
2111
2113
2115
2116
2118
2131
2135
2136
2137
2143
2146
2148
2149
2152
2153
2156
2165
2172
2174
2185
2188
2203
2204
2210
2216
2218
2219
2222
2237
2239
2243
2248
2251
2252
2258
2261
2264
2268
2271
2272
2280
2285
2288
2292
2293
2294
2295
2296
2299
2300
2304
2314
2317
2320
2324
2327
2331
2348
2349
2356
2361
2374
2381
2382
2386
2392
2395
2402
2405
2412
2415
2418
2425
2430
2438
2443
2444
2445
2447
2450
2451
2455
2456
2457
2460
2462
2465
2475
2476
2477
2481
2482
2484
2489
2490
2494
2496
2504
2505
2508
2512
2517
2521
2523
2529
2535
2536
2538
2539
2545
2548
2549
2552
2557
2561
2572
2578
2585
2586
2590
2591
2597
2602
2603
2608
2614
2615
2616
2621
2622
2623
2625
2626
2628
2629
2630
2633
2639
2640
2645
2648
2654
2655
2662
2664
2667
2675
2688
2695
2698
2701
2706
2708
2709
2712
2713
2716
2718
2719
2720
2722
2728
2729
2730
2736
2738
2739
2740
2745
2749
2751
2755
2770
2776
2778
2785
2788
2789
2790
2793
2796
2798
2799
2802
2805
2811
2815
2819
2825
2829
2838
2841
2842
2845
2849
2851
2857
2860
2861
2863
2865
2866
2870
2876
2880
2882
2884
2885
2892
2898
2900
2904
2907
2912
2914
2920
2923
2925
2947
2949
2951
2956
2966
2970
2976
2987
2995
2998
3000
3004
3005
3011
3013
3014
3015
3016
3020
3021
3022
3028
3038
3039
3041
3048
3057
3060
3061
3063
3064
3072
3076
3077
3082
3085
3093
3107
3110
3117
3129
3132
3133
3139
3151
3160
3169
3173
3175
3181
3183
3184
3186
3189
3190
3191
3200
3203
3204
3208
3209
3218
3221
3226
3227
3228
3229
3231
3236
3237
3241
3244
3259
3262
3268
3269
3274
3276
3277
3279
3280
3282
3286
3287
3288
3290
3293
3295
3299
3300
3308
3312
3315
3322
3340
3341
3342
3343
3345
3352
3353
3359
3361
3364
3365
3374
3375
3378
3382
3394
3395
3397
3398
3401
3402
3406
3408
3411
3420
3425
3427
3432
3437
3439
3440
3445
3462
3470
3478
3479
3480
3482
3485
3487
3488
3490
3491
3492
3494
3496
3512
3513
3514
3516
3517
3518
3525
3528
3534
3538
3541
3546
3549
3558
3571
3573
3579
3583
3585
3586
3590
3591
3593
3595
3600
3605
3607
3615
3616
3622
3623
3624
3626
3627
3631
3639
3645
3662
3663
3664
3672
3674
3677
3678
3680
3684
3691
3692
3702
3706
3712
3715
3716
3717
3720
3726
3728
3739
3740
3741
3745
3746
3749
3758
3759
3764
3773
3776
3778
3782
3784
3787
3789
3793
3797
3798
3801
3813
3814
3826
3835
3838
3842
3847
3851
3852
3856
3857
3867
3868
3871
3872
3882
3889
3894
3909
3917
3921
3925
3927
3928
3942
3944
3950
3951
3959
3960
3961
3962
3970
3973
3978
3979
3983
3986
3988
3990
3991
3992
3994
3996
3997
3998
3999
4003
4004
4010
4013
4014
4016
4025
4032
4033
4034
4038
4039
4041
4050
4054
4056
4059
4065
4072
4073
4083
4086
4089
4108
4109
4110
4111
4112
4114
4115
4117
4119
4120
4124
4126
4130
4131
4132
4139
4142
4144
4148
4149
4150
4157
4158
4160
4165
4172
4173
4181
4182
4184
4195
4196
4206
4208
4209
4214
4215
4216
4217
4221
4224
4230
4242
4245
4246
4249
4251
4255
4262
4266
4268
4269
4273
4274
4282
4294
4295
4296
4300
4301
4303
4304
4306
4308
4312
4326
4327
4329
4331
4336
4339
4344
4345
4346
4350
4351
4353
4354
4360
4363
4365
4372
4373
4383
4386
4395
4402
4406
4408
4409
4414
4415
4421
4430
4433
4434
4436
4441
4442
4446
4447
4448
4449
4453
4454
4456
4458
4461
4464
4467
4468
4470
4473
4474
4484
4487
4490
4495
4496
4497
4500
4501
4504
4506
4509
4514
4516
4518
4519
4524
4526
4529
4533
4535
4536
4541
4546
4547
4554
4557
4561
4565
4573
4578
4581
4586
4590
4593
4597
4599
4616
4619
4621
4622
4623
4624
4625
4628
4631
4636
4637
4639
4643
4644
4646
4648
4653
4660
4661
4664
4668
4670
4676
4679
4681
4684
4685
4686
4688
4690
4693
4701
4706
4713
4715
4717
4727
4736
4737
4740
4743
4750
4753
4754
4758
4759
4765
4766
4767
4768
4772
4774
4775
4776
4780
4785
4786
4804
4808
4811
4815
4816
4817
4818
4821
4822
4827
4833
4834
4835
4843
4844
4849
4853
4858
4859
4861
4868
4870
4875
4886
4887
4891
4893
4898
4899
4902
4905
4910
4913
4918
4922
4923
4933
4940
4941
4942
4943
4946
4955
4960
4961
4962
4966
4971
4977
4978
4979
4980
4982
4984
4986
4987
4995
4996
5009
5011
5012
5022
5025
5032
5034
5035
5036
5040
5051
5058
5069
5078
5082
5084
5085
5086
5088
5090
5092
5094
5098
5099
5101
5103
5109
5113
5115
5122
5123
5124
5125
5131
5141
5149
5163
5166
5170
5174
5175
5177
5179
5184
5186
5187
5189
5190
5193
5194
5195
5199
5203
5206
5207
5211
5212
5215
5216
5219
5222
5223
5224
5225
5228
5229
5231
5234
5235
5243
5244
5245
5249
5254
5257
5258
5262
5266
5273
5274
5275
5276
5283
5289
5291
5292
5294
5297
5299
5303
5304
5311
5317
5318
5322
5323
5325
5329
5336
5338
5340
5344
5350
5352
5354
5360
5362
5363
5366
5371
5373
5375
5378
5383
5393
5397
5400
5405
5410
5417
5422
5423
5424
5428
5429
5430
5437
5438
5440
5443
5446
5448
5449
5454
5455
5458
5461
5481
5483
5485
5488
5491
5494
5496
5498
5502
5503
5504
5505
5506
5509
5517
5523
5526
5527
5531
5540
5544
5546
5549
5556
5557
5565
5567
5570
5571
5572
5573
5574
5577
5578
5585
5587
5589
5591
5593
5594
5595
5596
5601
5603
5610
5613
5614
5619
5620
5622
5630
5633
5636
5638
5639
5641
5644
5647
5654
5658
5659
5666
5670
5679
5680
5682
5690
5691
5692
5698
5702
5703
5710
5723
5724
5725
5726
5727
5730
5731
5735
5741
5742
5743
5748
5749
5758
5761
5762
5764
5765
5769
5778
5780
5782
5785
5793
5794
5796
5798
5799
5804
5809
5820
5827
5836
5840
5841
5850
5851
5852
5853
5865
5868
5873
5875
5876
5877
5878
5882
5884
5886
5893
5894
5904
5919
5932
5934
5937
5939
5943
5948
5955
5957
5962
5971
5973
5977
5980
5986
5990
5992
5993
5999
6001
6004
6008
6009
6010
6014
6024
6032
6034
6039
6040
6041
6042
6043
6044
6047
6050
6059
6069
6076
6077
6078
6079
6082
6086
6087
6088
6089
6090
6096
6100
6104
6106
6110
6113
6115
6116
6120
6127
6129
6142
6144
6145
6148
6149
6155
6165
6168
6176
6195
6197
6200
6201
6217
6224
6227
6229
6231
6245
6252
6256
6260
6263
6267
6269
6275
6285
6291
6293
6296
6304
6305
6308
6309
6311
6312
6320
6328
6329
6334
6335
6337
6339
6343
6344
6346
6350
6351
6353
6356
6358
6360
6364
6365
6369
6373
6378
6379
6380
6382
6385
6393
6394
6395
6396
6397
6400
6401
6417
6426
6427
6430
6436
6444
6445
6446
6451
6453
6455
6457
6465
6472
6477
6479
6482
6484
6487
6488
6489
6496
6507
6511
6513
6517
6532
6533
6534
6536
6538
6541
6548
6549
6550
6554
6556
6563
6564
6570
6573
6581
6585
6588
6590
6592
6594
6595
6598
6605
6606
6607
6608
6609
6613
6615
6621
6623
6624
6627
6633
6634
6635
6637
