1
4
6
7
11
25
27
31
37
43
44
45
48
50
51
52
54
55
56
58
59
71
76
77
79
83
87
88
90
91
93
100
107
108
113
114
118
124
141
142
143
152
155
170
171
173
175
181
182
186
194
195
198
199
209
211
214
218
223
224
226
227
232
237
238
244
256
260
267
268
273
278
279
280
284
295
297
300
302
308
313
319
321
322
327
329
330
345
347
348
349
355
362
365
369
374
376
383
390
391
408
412
418
425
427
428
437
440
442
443
448
452
474
484
493
494
497
498
499
505
507
515
517
527
529
532
533
538
551
556
560
565
575
579
583
584
588
589
591
593
599
602
616
617
618
620
621
624
625
630
636
637
639
642
643
648
650
658
661
669
671
673
681
685
686
688
691
692
696
703
710
712
715
718
725
735
737
740
744
745
746
748
765
770
776
778
780
784
787
788
789
790
791
792
796
803
805
807
808
809
810
811
814
820
821
823
835
838
848
854
857
860
865
869
877
880
881
883
901
904
913
914
916
922
928
930
936
937
938
944
947
952
953
965
972
975
980
981
984
985
990
993
996
998
1004
1008
1010
1011
1019
1026
1028
1032
1033
1034
1037
1048
1054
1055
1059
1061
1063
1073
1074
1076
1080
1087
1088
1093
1094
1097
1112
1113
1115
1128
1130
1132
1133
1136
1144
1149
1150
1153
1154
1158
1175
1176
1178
1179
1181
1183
1186
1188
1191
1192
1193
1199
1200
1201
1202
1203
1211
1214
1221
1222
1226
1228
1229
1231
1232
1234
1248
1249
1253
1254
1255
1258
1259
1261
1273
1283
1284
1286
1287
1290
1291
1292
1299
1301
1304
1308
1311
1320
1322
1324
1337
1342
1344
1357
1362
1368
1370
1372
1375
1381
1387
1389
1398
1399
1407
1412
1416
1421
1424
1425
1427
1430
1433
1444
1446
1448
1449
1452
1453
1456
1457
1461
1465
1467
1468
1473
1483
1488
1489
1492
1493
1494
1501
1503
1505
1510
1525
1528
1531
1533
1536
1542
1543
1548
1552
1558
1570
1577
1581
1584
1590
1591
1592
1593
1596
1597
1598
1607
1610
1616
1620
1623
1629
1633
1637
1640
1643
1644
1652
1653
1654
1666
1677
1678
1687
1688
1691
1692
1695
1700
1702
1707
1717
1719
1720
1724
1737
1750
1751
1759
1761
1765
1768
1773
1777
1778
1782
1783
1791
1792
1797
1803
1804
1809
1813
1815
1820
1821
1825
1827
1832
1837
1841
1852
1855
1856
1857
1858
1860
1866
1884
1890
1898
1901
1905
1906
1913
1917
1919
1920
1926
1935
1937
1940
1941
1944
1950
1953
1954
1955
1958
1960
1969
1973
1977
1978
1980
1981
1985
1986
1997
2005
2012
2014
2016
2017
2023
2030
2031
2034
2036
2037
2040
2041
2042
2043
2046
2047
2049
2056
2058
2065
2074
2076
2078
2080
2085
2086
2093
2094
2096
2104
2107
2110
2112
2121
2123
2126
2129
2133
2139
2140
2144
2145
2147
2150
2151
2154
2158
2159
2163
2171
2175
2180
2184
2199
2200
2202
2205
2208
2209
2224
2226
2227
2228
2229
2232
2233
2241
2244
2246
2247
2250
2254
2255
2265
2266
2274
2275
2278
2279
2282
2286
2287
2303
2305
2306
2308
2311
2325
2334
2336
2343
2344
2351
2352
2353
2360
2362
2363
2364
2365
2367
2368
2371
2372
2375
2376
2378
2379
2380
2385
2387
2394
2404
2407
2408
2409
2413
2420
2421
2424
2427
2440
2441
2446
2458
2464
2468
2469
2480
2487
2488
2492
2499
2513
2514
2516
2520
2522
2541
2542
2543
2546
2547
2554
2555
2556
2563
2567
2569
2571
2575
2577
2580
2581
2583
2587
2593
2596
2600
2612
2617
2620
2624
2635
2637
2642
2649
2656
2663
2665
2668
2672
2682
2683
2684
2685
2689
2692
2693
2696
2700
2703
2715
2723
2724
2726
2731
2734
2741
2743
2747
2748
2750
2754
2756
2760
2763
2772
2780
2782
2783
2786
2791
2794
2803
2804
2806
2831
2832
2847
2853
2855
2859
2862
2867
2869
2874
2877
2886
2890
2891
2897
2901
2905
2915
2921
2927
2929
2930
2932
2934
2938
2948
2950
2957
2965
2967
2969
2973
2974
2975
2977
2978
2981
2983
2984
2989
2990
2991
2992
2993
2997
3001
3003
3009
3010
3025
3029
3033
3043
3046
3050
3056
3058
3059
3066
3067
3069
3075
3078
3084
3086
3089
3090
3091
3102
3104
3111
3115
3118
3120
3123
3124
3136
3138
3140
3145
3148
3156
3161
3164
3168
3177
3179
3182
3187
3192
3194
3195
3196
3201
3207
3210
3215
3220
3232
3240
3242
3245
3248
3251
3256
3260
3267
3281
3283
3284
3291
3292
3296
3297
3301
3302
3303
3304
3306
3307
3309
3310
3321
3331
3336
3339
3344
3349
3351
3357
3362
3370
3372
3376
3385
3386
3391
3393
3412
3414
3415
3423
3426
3428
3430
3434
3436
3446
3448
3449
3453
3454
3455
3458
3463
3466
3468
3474
3477
3489
3495
3498
3500
3501
3506
3509
3521
3527
3529
3530
3531
3542
3543
3548
3552
3553
3555
3559
3560
3563
3568
3569
3570
3574
3575
3576
3581
3582
3584
3587
3589
3592
3602
3603
3604
3606
3608
3619
3629
3630
3632
3635
3636
3646
3648
3654
3655
3656
3659
3668
3670
3695
3698
3699
3700
3718
3719
3721
3725
3727
3729
3730
3731
3734
3738
3743
3751
3753
3754
3761
3766
3767
3768
3779
3780
3783
3786
3788
3790
3791
3796
3804
3805
3808
3809
3815
3817
3818
3822
3831
3837
3849
3854
3859
3866
3874
3878
3880
3887
3892
3893
3895
3906
3911
3934
3936
3939
3940
3948
3952
3955
3956
3957
3968
3974
3993
4000
4001
4005
4011
4012
4017
4022
4026
4027
4028
4029
4030
4035
4040
4042
4045
4048
4049
4051
4053
4060
4062
4063
4064
4069
4074
4077
4084
4092
4093
4094
4096
4098
4099
4106
4118
4122
4123
4127
4128
4133
4138
4146
4152
4153
4154
4156
4162
4164
4168
4169
4174
4177
4180
4183
4185
4187
4193
4198
4199
4200
4201
4212
4220
4225
4231
4234
4235
4243
4244
4248
4257
4260
4264
4265
4267
4271
4272
4277
4279
4280
4284
4285
4286
4288
4289
4290
4291
4298
4302
4307
4310
4311
4313
4316
4317
4319
4320
4323
4324
4334
4342
4352
4357
4362
4368
4374
4379
4380
4381
4392
4393
4396
4404
4407
4412
4416
4418
4419
4424
4438
4444
4450
4465
4471
4476
4477
4482
4485
4488
4498
4507
4515
4525
4527
4531
4534
4540
4543
4544
4545
4549
4553
4556
4567
4568
4572
4574
4576
4577
4584
4585
4601
4604
4606
4607
4608
4609
4613
4614
4617
4620
4629
4634
4642
4645
4662
4665
4666
4667
4677
4678
4692
4694
4695
4696
4698
4708
4709
4710
4724
4728
4731
4733
4738
4746
4752
4755
4756
4760
4761
4762
4763
4773
4789
4791
4793
4794
4802
4805
4810
4812
4813
4820
4840
4845
4856
4860
4863
4867
4873
4878
4882
4883
4888
4894
4896
4900
4904
4906
4908
4912
4919
4921
4925
4929
4930
4936
4937
4945
4949
4951
4953
4964
4967
4969
4972
4981
4989
4991
4993
4999
5000
5016
5021
5029
5038
5041
5045
5050
5060
5061
5064
5066
5067
5070
5072
5073
5074
5077
5079
5087
5091
5097
5104
5105
5108
5114
5116
5117
5118
5120
5126
5127
5129
5136
5139
5140
5142
5145
5148
5157
5158
5159
5161
5164
5176
5181
5191
5192
5209
5210
5217
5233
5237
5246
5248
5250
5252
5253
5260
5265
5268
5269
5270
5271
5280
5282
5284
5290
5302
5305
5306
5307
5319
5320
5328
5332
5335
5342
5348
5353
5356
5359
5361
5364
5365
5367
5374
5377
5384
5386
5387
5388
5389
5390
5391
5392
5395
5398
5403
5406
5411
5412
5414
5415
5418
5419
5420
5426
5434
5435
5442
5444
5453
5459
5463
5470
5472
5475
5477
5482
5486
5493
5499
5501
5510
5512
5513
5521
5522
5525
5529
5538
5548
5558
5561
5563
5564
5568
5569
5583
5588
5604
5605
5606
5607
5615
5616
5617
5624
5625
5628
5642
5645
5650
5651
5652
5662
5668
5673
5684
5689
5697
5700
5729
5734
5736
5737
5745
5752
5759
5763
5766
5768
5770
5774
5779
5783
5784
5786
5790
5795
5797
5803
5805
5822
5823
5826
5828
5831
5835
5844
5848
5849
5856
5858
5861
5863
5874
5888
5895
5898
5903
5905
5911
5914
5915
5916
5921
5926
5928
5929
5944
5950
5953
5963
5964
5965
5975
5979
5988
5991
5996
6005
6012
6015
6018
6019
6021
6025
6027
6028
6033
6036
6048
6049
6056
6060
6062
6063
6064
6065
6067
6070
6084
6091
6094
6095
6098
6101
6103
6114
6125
6128
6131
6133
6135
6138
6141
6156
6158
6159
6161
6162
6166
6167
6174
6177
6184
6186
6188
6193
6194
6196
6198
6202
6210
6212
6214
6218
6222
6223
6226
6233
6236
6241
6250
6251
6254
6261
6265
6266
6272
6276
6280
6282
6292
6299
6306
6307
6310
6314
6318
6319
6321
6333
6341
6342
6347
6348
6349
6371
6374
6377
6386
6392
6398
6402
6403
6404
6410
6412
6419
6421
6422
6428
6429
6432
6433
6435
6441
6448
6449
6454
6459
6460
6461
6464
6471
6473
6475
6478
6483
6493
6497
6498
6503
6506
6514
6519
6524
6530
6539
6555
6565
6566
6568
6572
6574
6575
6576
6577
6578
6583
6596
6597
6610
6611
6614
6617
6618
6620
6622
6628
6630
6631
6638
6639
