0
1
4
5
6
76
79
80
81
82
84
88
93
97
99
100
101
103
104
107
109
132
133
134
135
137
139
142
161
163
164
166
167
168
172
195
196
198
199
200
202
205
210
211
212
214
216
217
219
222
224
228
229
237
249
255
340
343
344
345
346
350
358
359
364
366
384
386
387
389
390
395
397
398
399
401
404
407
409
410
411
414
416
418
421
422
425
426
427
429
431
432
436
445
447
454
457
458
459
463
466
467
468
469
470
472
474
478
479
481
484
491
492
494
495
496
500
509
510
511
513
514
519
520
521
522
523
530
531
535
536
538
539
541
544
548
550
551
552
553
558
562
563
564
565
567
569
570
571
572
579
580
581
582
597
598
